Month,Weekday,0,1,2,3,4,5,6,7,8,9,10,11,12,13,14,15,16,17,18,19,20,21,22,23
1,1,0.03451,0.033768,0.033556,0.033657,0.034385,0.03657,0.041119,0.045103,0.045959,0.045857,0.045662,0.045387,0.044988,0.044902,0.044994,0.045321,0.045809,0.046216,0.04558,0.044649,0.043217,0.041705,0.039702,0.037385
1,2,0.035174,0.034345,0.034011,0.03398,0.034667,0.03686,0.040937,0.044797,0.045727,0.045554,0.045475,0.045307,0.044924,0.044764,0.044857,0.045263,0.045812,0.046102,0.0456,0.044655,0.043104,0.041477,0.039529,0.037077
1,3,0.035315,0.034427,0.033978,0.033909,0.03454,0.03679,0.04114,0.044922,0.045694,0.045524,0.045365,0.045091,0.044602,0.044348,0.044544,0.045065,0.045826,0.046275,0.045775,0.044904,0.043251,0.041679,0.039686,0.037349
1,4,0.034872,0.03403,0.033647,0.033712,0.034408,0.036596,0.040944,0.044689,0.045583,0.045446,0.045341,0.045233,0.044865,0.044756,0.04486,0.045228,0.045832,0.046256,0.045686,0.044912,0.043497,0.042014,0.040015,0.037578
1,5,0.035551,0.03465,0.03429,0.034288,0.034915,0.037011,0.041439,0.045103,0.045948,0.045815,0.045681,0.045475,0.045002,0.044627,0.044503,0.044849,0.045451,0.04592,0.045371,0.044213,0.042478,0.04097,0.039304,0.037144
1,6,0.037724,0.036615,0.035983,0.035765,0.035883,0.03655,0.037807,0.039833,0.041983,0.043705,0.044659,0.044748,0.044311,0.043987,0.043924,0.044887,0.046366,0.047364,0.046946,0.045701,0.04371,0.042141,0.040685,0.038723
1,7,0.037713,0.036793,0.036237,0.036051,0.036173,0.036725,0.037628,0.038868,0.040178,0.041662,0.043024,0.043731,0.043732,0.043431,0.043583,0.044575,0.046353,0.047581,0.047418,0.046601,0.045287,0.043961,0.042501,0.040192
2,1,0.034453,0.033788,0.03361,0.033718,0.034493,0.03685,0.041944,0.045558,0.046284,0.046013,0.045763,0.045169,0.044519,0.044115,0.044056,0.044393,0.045049,0.046167,0.046063,0.045271,0.043495,0.041841,0.039878,0.03751
2,2,0.035058,0.034301,0.033973,0.034056,0.03481,0.037169,0.041711,0.045296,0.04587,0.045591,0.045276,0.044757,0.044229,0.043937,0.043912,0.044177,0.04489,0.046098,0.046076,0.045355,0.043787,0.042075,0.039971,0.037625
2,3,0.035371,0.034634,0.034292,0.034408,0.035194,0.037473,0.042043,0.045309,0.045907,0.045651,0.045335,0.044765,0.044149,0.043819,0.043775,0.044024,0.044746,0.04574,0.045846,0.045177,0.043547,0.041776,0.039675,0.037346
2,4,0.035171,0.034537,0.034208,0.034254,0.035031,0.03732,0.041862,0.045398,0.046033,0.045647,0.045295,0.044808,0.044209,0.04392,0.043824,0.044041,0.044635,0.045812,0.045877,0.045086,0.043567,0.041992,0.039978,0.037493
2,5,0.035697,0.034895,0.03458,0.034683,0.035463,0.037918,0.042335,0.045661,0.046319,0.046179,0.045853,0.045338,0.044596,0.043926,0.043626,0.043633,0.044311,0.045442,0.04542,0.04436,0.042536,0.040879,0.039201,0.037147
2,6,0.038696,0.037643,0.037082,0.036916,0.037142,0.037779,0.039036,0.040823,0.042555,0.043922,0.044377,0.044234,0.04353,0.042763,0.042502,0.042895,0.044355,0.046597,0.046825,0.045511,0.043468,0.041965,0.040672,0.038711
2,7,0.038334,0.037353,0.036827,0.03672,0.036854,0.037359,0.038171,0.0393,0.040655,0.042282,0.0431,0.043434,0.042936,0.042522,0.042345,0.042708,0.044252,0.046743,0.048001,0.047295,0.045603,0.04402,0.042718,0.040467
3,1,0.034929,0.034205,0.034033,0.034151,0.034994,0.037588,0.042436,0.046022,0.046636,0.046164,0.04564,0.044857,0.043996,0.043527,0.043162,0.04311,0.04322,0.044403,0.045542,0.045672,0.044457,0.042662,0.040603,0.03799
3,2,0.035514,0.034755,0.03451,0.034683,0.03546,0.037822,0.042291,0.045914,0.04644,0.045827,0.045175,0.044496,0.043622,0.043101,0.042829,0.042859,0.043131,0.044506,0.045488,0.045621,0.044452,0.04291,0.040721,0.037873
3,3,0.035775,0.035005,0.034698,0.034745,0.035461,0.037822,0.042362,0.045839,0.046417,0.045851,0.045192,0.04444,0.043638,0.043126,0.042873,0.042862,0.043184,0.04448,0.045524,0.045544,0.044358,0.042583,0.040393,0.037828
3,4,0.035799,0.035054,0.03478,0.034982,0.035794,0.038134,0.042615,0.046002,0.046523,0.045863,0.045181,0.044456,0.043692,0.043236,0.042926,0.042951,0.043254,0.044401,0.045371,0.045236,0.043765,0.042278,0.040024,0.037681
3,5,0.03602,0.035188,0.034969,0.035134,0.035943,0.038352,0.042905,0.046237,0.046752,0.046232,0.045516,0.0447,0.043758,0.04297,0.042497,0.042405,0.042702,0.044248,0.045321,0.044875,0.043384,0.041834,0.040034,0.038024
3,6,0.039304,0.038292,0.037817,0.037723,0.037949,0.038592,0.039703,0.041531,0.043253,0.044131,0.043984,0.043285,0.042487,0.041668,0.041269,0.041313,0.042203,0.044556,0.046397,0.046082,0.044379,0.042906,0.041517,0.039661
3,7,0.039111,0.03815,0.037769,0.037659,0.037851,0.03848,0.039132,0.040303,0.041647,0.042706,0.043034,0.04297,0.04241,0.041777,0.04139,0.041448,0.042084,0.043945,0.046083,0.046776,0.045945,0.044812,0.043297,0.041222
4,1,0.035502,0.034574,0.034295,0.034431,0.03509,0.037694,0.042796,0.046511,0.047445,0.046888,0.046179,0.045307,0.044288,0.043608,0.042927,0.042356,0.042239,0.042927,0.043616,0.044127,0.044189,0.043279,0.041155,0.038576
4,2,0.036149,0.035297,0.035076,0.035179,0.03585,0.037976,0.042513,0.046357,0.047075,0.04641,0.045613,0.044807,0.04397,0.043331,0.042651,0.042297,0.042013,0.042666,0.043539,0.044062,0.044071,0.043275,0.041153,0.038673
4,3,0.036036,0.035281,0.03502,0.035091,0.035794,0.03792,0.042698,0.046495,0.047329,0.046627,0.045763,0.044742,0.043824,0.043208,0.042666,0.04228,0.042082,0.042716,0.043555,0.043988,0.044105,0.043276,0.041065,0.038437
4,4,0.035983,0.035207,0.034868,0.034917,0.035638,0.037773,0.042649,0.046472,0.047206,0.046475,0.045674,0.044922,0.044104,0.043513,0.042892,0.042533,0.042364,0.042831,0.043368,0.043807,0.043898,0.043282,0.041178,0.038445
4,5,0.036544,0.035655,0.035359,0.035469,0.036193,0.038398,0.043327,0.047066,0.047861,0.047202,0.046445,0.045412,0.044302,0.043137,0.04215,0.041569,0.041492,0.042271,0.04289,0.043037,0.04292,0.042328,0.040607,0.038365
4,6,0.040123,0.039002,0.038478,0.038242,0.03834,0.038751,0.039816,0.041684,0.043625,0.044686,0.044438,0.043647,0.042609,0.041568,0.040778,0.040546,0.040873,0.042048,0.043601,0.044427,0.044701,0.044227,0.042937,0.040854
4,7,0.039502,0.038312,0.037872,0.03778,0.037973,0.038488,0.039533,0.040888,0.042434,0.043394,0.043509,0.043197,0.042498,0.041776,0.04131,0.041049,0.041308,0.042198,0.043736,0.04518,0.046058,0.045789,0.044222,0.041992
5,1,0.034725,0.033735,0.03342,0.033398,0.033808,0.035924,0.041782,0.046013,0.047124,0.046823,0.046251,0.045731,0.04515,0.044652,0.044213,0.043817,0.043537,0.043918,0.044066,0.043977,0.043569,0.043396,0.04202,0.038949
5,2,0.035802,0.034847,0.034406,0.034252,0.034643,0.036632,0.041614,0.045858,0.046643,0.046291,0.045986,0.045537,0.044932,0.044462,0.043921,0.04355,0.043216,0.04357,0.043801,0.043633,0.043131,0.042917,0.04155,0.038807
5,3,0.036114,0.035105,0.034631,0.03443,0.034698,0.036734,0.041593,0.045743,0.0467,0.046379,0.04602,0.045575,0.044719,0.044089,0.043618,0.043226,0.043054,0.04343,0.043731,0.043666,0.043257,0.043016,0.041614,0.038857
5,4,0.036103,0.034905,0.034478,0.034365,0.034721,0.036475,0.041523,0.045809,0.04678,0.046309,0.045765,0.045312,0.044596,0.044087,0.043537,0.043285,0.043155,0.043616,0.043845,0.043866,0.043461,0.043158,0.041768,0.039081
5,5,0.036592,0.035344,0.034858,0.034682,0.035061,0.036987,0.042033,0.046018,0.047154,0.047035,0.046532,0.045848,0.044911,0.043849,0.042952,0.042378,0.042308,0.042928,0.04347,0.043253,0.042539,0.042342,0.04152,0.039406
5,6,0.040538,0.038931,0.038077,0.037695,0.037488,0.037682,0.038772,0.040969,0.043389,0.044563,0.04421,0.043605,0.042769,0.041971,0.041474,0.041218,0.041512,0.042673,0.044216,0.044668,0.044198,0.044173,0.043723,0.041488
5,7,0.039545,0.038243,0.037727,0.0374,0.037287,0.037544,0.038784,0.040449,0.042034,0.043055,0.043502,0.043501,0.043091,0.042476,0.042023,0.041833,0.042025,0.042872,0.04389,0.044875,0.045061,0.045397,0.044831,0.042554
6,1,0.034932,0.033821,0.033344,0.033036,0.033269,0.035193,0.040492,0.044916,0.046431,0.046568,0.046418,0.046242,0.045641,0.045266,0.044839,0.044557,0.044211,0.044471,0.044496,0.044244,0.04354,0.042834,0.041892,0.039348
6,2,0.036119,0.034787,0.034236,0.033938,0.034143,0.03588,0.04076,0.044812,0.046031,0.046081,0.046065,0.045905,0.04543,0.04501,0.044589,0.044308,0.044034,0.04408,0.043929,0.043763,0.04322,0.042359,0.041464,0.039056
6,3,0.036209,0.034982,0.034459,0.034109,0.034275,0.035917,0.040534,0.044596,0.045755,0.045917,0.046061,0.045841,0.04544,0.045045,0.044634,0.044307,0.043954,0.043993,0.043904,0.043787,0.043196,0.042467,0.041526,0.039092
6,4,0.036152,0.03496,0.034398,0.034077,0.034159,0.035989,0.040526,0.044929,0.046281,0.0462,0.045981,0.045702,0.045179,0.044725,0.044316,0.044139,0.043889,0.04411,0.044151,0.043939,0.043329,0.042448,0.041444,0.038977
6,5,0.037192,0.035677,0.034944,0.034551,0.034717,0.03643,0.040978,0.044849,0.046205,0.04634,0.046263,0.045856,0.045256,0.044483,0.043746,0.043443,0.043309,0.043557,0.043538,0.043314,0.042555,0.041938,0.041343,0.039514
6,6,0.040196,0.038782,0.037846,0.037178,0.03661,0.036872,0.038051,0.040078,0.042487,0.044096,0.044482,0.044328,0.043794,0.043109,0.042591,0.042401,0.042572,0.043469,0.044438,0.044565,0.043911,0.043422,0.043208,0.041515
6,7,0.039772,0.03824,0.037233,0.036595,0.036075,0.036263,0.037337,0.038911,0.040864,0.042353,0.043108,0.043455,0.043347,0.042916,0.042541,0.042513,0.04293,0.043889,0.044937,0.045745,0.045946,0.045976,0.045822,0.043232
7,1,0.035451,0.034043,0.033441,0.03316,0.033248,0.034964,0.039795,0.04379,0.045779,0.046334,0.04651,0.046361,0.045883,0.045379,0.044844,0.044468,0.044246,0.044536,0.04476,0.044519,0.043732,0.043085,0.042216,0.039455
7,2,0.036235,0.034861,0.034135,0.033719,0.033658,0.035249,0.039598,0.0438,0.045542,0.046067,0.046226,0.046125,0.045668,0.045174,0.044682,0.044344,0.044042,0.04441,0.044513,0.044292,0.043516,0.042848,0.041948,0.039347
7,3,0.036408,0.035006,0.034237,0.033808,0.033834,0.03548,0.039683,0.043655,0.045469,0.046015,0.046217,0.046118,0.045652,0.045222,0.044803,0.044412,0.044028,0.044202,0.044352,0.044168,0.043362,0.042697,0.041801,0.039371
7,4,0.036461,0.03506,0.03437,0.034034,0.034029,0.035535,0.039585,0.043539,0.045403,0.046001,0.046271,0.046131,0.04569,0.045175,0.044726,0.044326,0.043999,0.044341,0.044424,0.044147,0.043319,0.042585,0.041683,0.039169
7,5,0.037113,0.035676,0.034892,0.034385,0.034295,0.035969,0.040141,0.044111,0.046021,0.04666,0.046822,0.046569,0.04564,0.044607,0.043886,0.043424,0.043281,0.043688,0.043964,0.04372,0.042772,0.041935,0.041277,0.039152
7,6,0.040886,0.038881,0.037869,0.037142,0.036728,0.036773,0.037917,0.039844,0.042327,0.044089,0.044487,0.044217,0.043363,0.042511,0.042032,0.041871,0.042282,0.043375,0.044649,0.045015,0.044333,0.043804,0.043791,0.041814
7,7,0.040204,0.038396,0.03746,0.03678,0.036178,0.036123,0.0368,0.038051,0.039934,0.041725,0.042832,0.04331,0.043153,0.042781,0.042451,0.04248,0.042804,0.043709,0.045068,0.046218,0.046462,0.046613,0.046473,0.043995
8,1,0.034277,0.033186,0.032731,0.032659,0.033033,0.034767,0.039895,0.0444,0.04615,0.046421,0.046385,0.046217,0.045858,0.045497,0.045047,0.044619,0.044361,0.044776,0.044992,0.044904,0.044598,0.044149,0.042241,0.038838
8,2,0.035392,0.034004,0.03351,0.033267,0.033485,0.035242,0.040079,0.04428,0.04591,0.046202,0.046204,0.046044,0.04556,0.045221,0.044883,0.044532,0.044181,0.044475,0.044641,0.044637,0.044141,0.043742,0.04185,0.038517
8,3,0.035066,0.033861,0.033313,0.032995,0.033289,0.034993,0.039903,0.044457,0.046059,0.046302,0.046359,0.046185,0.04567,0.045235,0.04485,0.044592,0.044366,0.044836,0.044866,0.044733,0.044231,0.043734,0.041692,0.038412
8,4,0.035187,0.033865,0.033308,0.033147,0.03339,0.035128,0.040044,0.044337,0.045863,0.046081,0.046132,0.045977,0.045491,0.045125,0.044781,0.044435,0.044163,0.04463,0.044838,0.045023,0.044513,0.043923,0.04198,0.038637
8,5,0.035607,0.034543,0.034003,0.033787,0.034066,0.035737,0.040849,0.04505,0.046848,0.047092,0.04689,0.046537,0.045803,0.044973,0.044102,0.043501,0.043202,0.043834,0.044192,0.044004,0.043325,0.042766,0.041033,0.038254
8,6,0.039559,0.037833,0.037061,0.036644,0.036358,0.036455,0.037476,0.039454,0.042134,0.044079,0.04475,0.044526,0.043801,0.043138,0.042677,0.042555,0.042867,0.043702,0.044721,0.045195,0.04511,0.045064,0.043827,0.041014
8,7,0.038886,0.037584,0.036896,0.036554,0.03627,0.036184,0.036629,0.037922,0.039925,0.041767,0.04293,0.043401,0.043236,0.042906,0.042652,0.042636,0.042983,0.043885,0.045495,0.046652,0.047393,0.04775,0.046358,0.043105
9,1,0.033469,0.032603,0.032224,0.032261,0.03293,0.035497,0.041177,0.045468,0.046742,0.0465,0.04631,0.045937,0.045449,0.045028,0.044808,0.044632,0.04453,0.045035,0.045466,0.045928,0.045523,0.043808,0.040901,0.037774
9,2,0.034642,0.033632,0.033111,0.033098,0.033741,0.036115,0.041694,0.045689,0.046668,0.046485,0.04612,0.045581,0.044963,0.044508,0.044268,0.044078,0.044198,0.044732,0.045036,0.045518,0.045123,0.043412,0.040478,0.037108
9,3,0.034523,0.033506,0.033096,0.033169,0.033853,0.036224,0.041676,0.045691,0.046701,0.046592,0.046169,0.045605,0.044905,0.044541,0.044206,0.044092,0.044161,0.044797,0.045092,0.045589,0.0451,0.043202,0.040276,0.037235
9,4,0.034577,0.033601,0.033235,0.033205,0.033785,0.03615,0.041493,0.045625,0.046596,0.046365,0.045985,0.045616,0.044917,0.044549,0.044264,0.044063,0.043983,0.044684,0.045146,0.045674,0.045273,0.043508,0.040382,0.037323
9,5,0.035125,0.034042,0.033576,0.033574,0.03423,0.036529,0.042004,0.046193,0.047173,0.047042,0.046729,0.046158,0.045354,0.044373,0.04359,0.043168,0.043207,0.043972,0.044586,0.044871,0.044348,0.042645,0.040039,0.03747
9,6,0.038497,0.037097,0.036375,0.036138,0.036236,0.03681,0.038309,0.040527,0.043249,0.044835,0.044931,0.044416,0.043584,0.04269,0.042078,0.042201,0.042891,0.044466,0.04592,0.046451,0.046044,0.044419,0.042205,0.03963
9,7,0.038378,0.036977,0.036324,0.036093,0.036152,0.036468,0.037208,0.038418,0.040536,0.042349,0.043088,0.043415,0.043083,0.042557,0.04219,0.042185,0.042936,0.044792,0.046661,0.048281,0.048574,0.046993,0.044599,0.041743
10,1,0.033741,0.033082,0.032916,0.033024,0.033786,0.0364,0.041795,0.045698,0.046531,0.046256,0.045943,0.045442,0.044775,0.044487,0.044403,0.044528,0.044838,0.045778,0.046426,0.046143,0.044646,0.042375,0.039857,0.03713
10,2,0.03507,0.034218,0.033866,0.033921,0.034633,0.03709,0.042015,0.045696,0.046425,0.046088,0.045669,0.045172,0.044467,0.04409,0.043871,0.043996,0.044279,0.045179,0.045914,0.045747,0.043967,0.041888,0.039672,0.037066
10,3,0.034592,0.033754,0.03341,0.033518,0.034211,0.036514,0.04151,0.045524,0.046327,0.046092,0.045771,0.045353,0.044652,0.044284,0.044089,0.044196,0.044463,0.045619,0.046403,0.046214,0.044563,0.042335,0.039744,0.036862
10,4,0.03449,0.033532,0.033185,0.033325,0.034072,0.036504,0.041545,0.045835,0.046704,0.046459,0.046134,0.045525,0.044761,0.044385,0.044103,0.044164,0.044446,0.045496,0.046305,0.04601,0.044232,0.042203,0.03968,0.036906
10,5,0.035059,0.034201,0.033835,0.033865,0.034631,0.037131,0.042224,0.046316,0.047294,0.047012,0.04666,0.046024,0.044972,0.044218,0.04353,0.043348,0.043646,0.044897,0.045821,0.045256,0.043119,0.041139,0.039051,0.036754
10,6,0.038096,0.037049,0.036483,0.036314,0.036491,0.037309,0.038684,0.040534,0.042469,0.044095,0.044678,0.044461,0.043648,0.042876,0.042494,0.042637,0.043656,0.045836,0.047253,0.046875,0.045012,0.042933,0.041139,0.038979
10,7,0.037919,0.03689,0.036346,0.036097,0.036233,0.036796,0.037764,0.038934,0.040963,0.04267,0.043502,0.04374,0.043154,0.042439,0.042098,0.042439,0.04356,0.046255,0.048269,0.048437,0.04674,0.04506,0.043109,0.040586
11,1,0.033438,0.032823,0.032571,0.03259,0.033319,0.035953,0.041311,0.04538,0.046245,0.046052,0.045793,0.045556,0.045079,0.045083,0.045303,0.045984,0.046778,0.047361,0.046635,0.045372,0.043588,0.04169,0.039347,0.036748
11,2,0.034438,0.03364,0.033289,0.033276,0.034031,0.036586,0.041328,0.045318,0.046021,0.045594,0.045326,0.045029,0.044554,0.044607,0.044881,0.045534,0.04642,0.047072,0.046523,0.045415,0.043587,0.041724,0.039251,0.036555
11,3,0.034348,0.033521,0.033175,0.033283,0.03398,0.036428,0.041409,0.045393,0.046082,0.045806,0.045522,0.045256,0.04476,0.044648,0.044911,0.045576,0.046492,0.047034,0.046431,0.045221,0.043357,0.041561,0.039177,0.036629
11,4,0.034616,0.033809,0.033457,0.033447,0.034152,0.036668,0.041428,0.045368,0.04594,0.045584,0.045273,0.045029,0.044637,0.044649,0.044873,0.04556,0.046414,0.046867,0.046331,0.0451,0.043305,0.041533,0.039265,0.036694
11,5,0.03508,0.034192,0.033817,0.033845,0.034486,0.03701,0.041826,0.045909,0.046622,0.046381,0.046094,0.045651,0.044945,0.044615,0.044646,0.045166,0.046029,0.046516,0.045876,0.044275,0.042122,0.040398,0.038424,0.036075
11,6,0.037646,0.036531,0.035972,0.035639,0.035883,0.036666,0.038337,0.040322,0.042251,0.043776,0.044371,0.044335,0.043968,0.043549,0.043844,0.045033,0.046853,0.04799,0.047267,0.045593,0.043617,0.041918,0.040372,0.038268
11,7,0.037301,0.036215,0.035726,0.03551,0.035627,0.036143,0.037242,0.038527,0.040248,0.042018,0.043206,0.043885,0.043803,0.043444,0.043646,0.044777,0.046945,0.048508,0.048298,0.047148,0.045502,0.044002,0.042379,0.039899
12,1,0.034132,0.033397,0.033088,0.03307,0.033792,0.035976,0.040561,0.044603,0.04577,0.04584,0.045549,0.0453,0.04507,0.045095,0.045571,0.046351,0.046851,0.04692,0.046268,0.045026,0.043375,0.041765,0.039645,0.036984
12,2,0.034691,0.033789,0.033472,0.033458,0.034214,0.036554,0.041003,0.044608,0.045593,0.045587,0.045475,0.045277,0.04505,0.045028,0.045409,0.046075,0.046644,0.046821,0.046,0.044729,0.043049,0.041395,0.039299,0.036782
12,3,0.034799,0.033796,0.033328,0.033349,0.034039,0.036181,0.040438,0.044492,0.045681,0.045672,0.045693,0.045486,0.045211,0.045143,0.045513,0.046235,0.046751,0.046704,0.045961,0.044776,0.043144,0.041454,0.039323,0.036832
12,4,0.034969,0.033972,0.033532,0.033509,0.034224,0.036458,0.041021,0.044993,0.046004,0.045955,0.045757,0.045463,0.045216,0.045148,0.045519,0.046234,0.046715,0.046726,0.045839,0.044501,0.042517,0.040753,0.038602,0.036373
12,5,0.034952,0.034073,0.033672,0.03368,0.034289,0.036568,0.040986,0.045154,0.04637,0.046329,0.046247,0.045884,0.045451,0.04512,0.045198,0.045664,0.046245,0.046412,0.045622,0.044232,0.042262,0.040516,0.038609,0.036464
12,6,0.037746,0.036618,0.036007,0.035788,0.035975,0.036643,0.038083,0.039957,0.041973,0.043679,0.044543,0.044719,0.044439,0.044229,0.044509,0.045546,0.04684,0.047424,0.046618,0.045049,0.043097,0.041719,0.040323,0.038476
12,7,0.037587,0.036555,0.036114,0.035907,0.036112,0.036635,0.037712,0.039076,0.040635,0.042181,0.043346,0.043998,0.044099,0.043929,0.04428,0.045417,0.046738,0.047272,0.046853,0.045869,0.04452,0.043346,0.041926,0.039896
